#MASS_MEV  DEG  DEGEFF  MU  BF  ANTI  KEY                  NAME                 PDGCODES...
#--------  ---  ------  --  --  ----  ---                  ----                 -----------
   134.98    1   0.000   0   1     0  PI0                  pi0                          111
   139.57    2   1.000   0   1     0  PI                   pi                           211     -211
   493.68    2   0.000   0   1     0  K                    K                            321     -321
   497.61    2   0.692   0   1     0  K0                   K0                           311     -311
   547.85    1   0.274   0   1     0  ETA                  eta                          221
   550.00    1   0.666   0   1     0  F0_500               f_0(500)                 9000221
   775.49    9   6.000   0   1     0  RHO                  rho                          213      113     -213
   782.65    3   2.746   0   1     0  OMEGA                omega                        223
   891.66    6   3.383   0   1     0  KSTAR                K*                           323     -323
   895.94    6   2.690   0   1     0  KSTAR                K*                           313     -313
   938.27    2   0.000   0   2     0  P                    p                           2212
   938.27    2   0.000   0   2     1  PBAR                 pbar                       -2212
   939.57    2   0.000   0   2     0  N0                   n0                          2112
   939.57    2   0.000   0   2     1  NBAR                 nbar                       -2112
   957.78    1   0.936   0   1     0  ETAP                 eta'                         331
   983.50    3   1.745   0   1     0  A0BAR_980            a_0(980)bar             -9000211  9000111  9000211
  1000.00    1   0.596   0   1     0  F0_980               f_0(980)                 9010221
  1019.46    3   1.181   0   1     0  PHI                  phi                          333
  1115.68    2   0.639   0   2     0  LAMBDA0              Lambda0                     3122
  1115.68    2   0.639   0   2     1  LAMBDABAR            Lambdabar                  -3122
  1170.00    3   2.999   0   1     0  H1_1170              h_1(1170)                  10223
  1189.37    2   0.483   0   2     0  SIGMA                Sigma                       3222
  1189.37    2   0.482   0   2     1  SIGMABAR             Sigmabar                   -3222
  1192.64    2   0.640   0   2     0  SIGMA0               Sigma0                      3212
  1192.64    2   0.639   0   2     1  SIGMABAR             Sigmabar                   -3212
  1197.45    2   0.999   0   2     0  SIGMA                Sigma                       3112
  1197.45    2   0.999   0   2     1  SIGMABAR             Sigmabar                   -3112
  1229.50    9  11.228   0   1     0  B1BAR_1235           b_1(1235)bar              -10213    10113    10213
  1230.00    9   8.999   0   1     0  A1BAR_1260           a_1(1260)bar              -20213    20113    20213
  1232.00   16   5.330   0   2     0  DELTA                Delta                       1114     2214     2224    2114
  1232.00   16   5.330   0   2     1  DELTABAR             Deltabar                   -1114    -2114    -2214   -2224
  1272.00   12  10.412   0   1     0  K1BAR_1270           K_1(1270)bar              -10313   -10323    10313   10323
  1275.10    5   3.555   0   1     0  F2                   f_2                          225
  1282.10    3   3.033   0   1     0  F1_1285              f_1(1285)                  20223
  1294.00    1   0.934   0   1     0  ETA_1295             eta(1295)                 100221
  1300.00    3   3.000   0   1     0  PIBAR_1300           pi(1300)bar              -100211   100111   100211
  1314.86    2   0.640   0   2     0  XI0                  Xi0                         3322
  1314.86    2   0.639   0   2     1  XIBAR                Xibar                      -3322
  1318.30   15  14.595   0   1     0  A2                   a_2                          215      115     -215
  1321.71    2   1.637   0   2     0  XI                   Xi                          3312
  1321.71    2   1.639   0   2     1  XIBAR                Xibar                      -3312
  1350.00    1   0.689   0   1     0  F0_1370              f_0(1370)                  10221
  1382.80    4   3.140   0   2     0  SIGMASTAR            Sigma*                      3224
  1382.80    4   3.141   0   2     1  SIGMASTARBAR         Sigma*bar                  -3224
  1383.70    4   1.537   0   2     0  SIGMASTAR            Sigma*                      3214
  1383.70    4   1.535   0   2     1  SIGMASTARBAR         Sigma*bar                  -3214
  1386.00    3   2.038   0   1     0  H1_1380              h_1(1380)                  10333
  1387.20    4   3.203   0   2     0  SIGMASTAR            Sigma*                      3114
  1387.20    4   3.203   0   2     1  SIGMASTARBAR         Sigma*bar                  -3114
  1403.00   12  10.114   0   1     0  K1BAR_1400           K_1(1400)bar              -20313   -20323    20313   20323
  1405.10    2   1.375   0   2     0  LAMBDA_1405          Lambda(1405)               13122
  1405.10    2   1.374   0   2     1  LAMBDABAR_1405       Lambda(1405)bar           -13122
  1419.00    3   2.999   0   1     0  OMEGA_1420           omega(1420)               100223
  1425.60   10   7.445   0   1     0  KSTAR2BAR_1430       K*_2(1430)bar               -325      325
  1426.40    3   2.038   0   1     0  F1_1420              f_1(1420)                  20333
  1430.00    4   2.028   0   1     0  KSTAR0BAR_1430       K*_0(1430)bar             -10311   -10321    10311   10321
  1432.40   10   7.030   0   1     0  KSTAR2BAR_1430       K*_2(1430)bar               -315      315
  1462.00    4   1.864   0   2     0  N_1440               N(1440)                    12112    12212
  1462.00    4   1.869   0   2     1  NBAR_1440            N(1440)bar                -12112   -12212
  1465.00    9   9.147   0   1     0  RHOBAR_1450          rho(1450)bar             -100213   100113   100213
  1474.00    3   2.706   0   1     0  A0BAR_1450           a_0(1450)bar              -10211    10111    10211
  1512.00    3   0.000   0   1     0  F1_1510              f_1(1510)                9000223
  1515.00    8   3.864   0   2     0  N_1520               N(1520)                     1214     2124
  1515.00    8   3.862   0   2     1  NBAR_1520            N(1520)bar                 -1214    -2124
  1519.50    4   1.917   0   2     0  LAMBDA_1520          Lambda(1520)                3124
  1519.50    4   1.915   0   2     1  LAMBDABAR_1520       Lambda(1520)bar            -3124
  1525.00    5   1.842   0   1     0  F2P_1525             f'_2(1525)                   335
  1531.80    4   3.947   0   2     0  XISTAR               Xi*                         3324
  1531.80    4   3.945   0   2     1  XISTARBAR            Xi*bar                     -3324
  1535.00    4   1.438   0   2     0  N_1535               N(1535)                    22112    22212
  1535.00    4   1.439   0   2     1  NBAR_1535            N(1535)bar                -22112   -22212
  1535.00    4   3.278   0   2     0  XISTAR               Xi*                         3314
  1535.00    4   3.277   0   2     1  XISTARBAR            Xi*bar                     -3314
  1600.00    2   1.011   0   2     0  LAMBDA_1600          Lambda(1600)               23122
  1600.00    2   1.013   0   2     1  LAMBDABAR_1600       Lambda(1600)bar           -23122
  1620.00    8   5.115   0   2     0  D_1620               D(1620)                     1112     1212     2122    2222
  1620.00    8   5.113   0   2     1  DBAR_1620            D(1620)bar                 -1112    -1212    -2122   -2222
  1655.00    4   1.676   0   2     0  N_1650               N(1650)                    32112    32212
  1655.00    4   1.675   0   2     1  NBAR_1650            N(1650)bar                -32112   -32212
  1660.00    6   3.324   0   2     0  SIGMA_1660           Sigma(1660)                13112    13212    13222
  1660.00    6   3.325   0   2     1  SIGMABAR_1660        Sigma(1660)bar            -13112   -13212   -13222
  1670.00    2   1.109   0   2     0  LAMBDA_1670          Lambda(1670)               33122
  1670.00    2   1.110   0   2     1  LAMBDABAR_1670       Lambda(1670)bar           -33122
  1670.00    3   2.999   0   1     0  OMEGA_1650           omega(1650)                30223
  1670.00   12   8.478   0   2     0  SIGMA_1670           Sigma(1670)                13114    13214    13224
  1670.00   12   8.472   0   2     1  SIGMABAR_1670        Sigma(1670)bar            -13114   -13214   -13224
  1670.00   15  15.122   0   1     0  PI2BAR_1670          pi_2(1670)bar             -10215    10115    10215
  1672.45    4   1.921   0   2     0  OMEGA                Omega                       3334
  1672.45    4   1.921   0   2     1  OMEGABAR             Omegabar                   -3334
  1675.00   12   6.582   0   2     0  N_1675               N(1675)                     2116     2216
  1675.00   12   6.580   0   2     1  NBAR_1675            N(1675)bar                 -2116    -2216
  1680.00    3   1.691   0   1     0  PHI_1680             phi(1680)                 100333
  1685.00   12   5.403   0   2     0  N_1680               N(1680)                    12116    12216
  1685.00   12   5.397   0   2     1  NBAR_1680            N(1680)bar                -12116   -12216
  1690.00    4   2.513   0   2     0  XI_1690              Xi(1690)                   13312    13322
  1690.00    4   2.514   0   2     1  XIBAR_1690           Xi(1690)bar               -13312   -13322
  1690.00    4   2.386   0   2     0  LAMBDA_1690          Lambda(1690)               13124
  1690.00    4   2.381   0   2     1  LAMBDABAR_1690       Lambda(1690)bar           -13124
  1700.00   24  14.975   0   2     0  D_1700               D(1700)                    11114    12114    12214   12224   21214   22124
  1700.00   24  14.978   0   2     1  DBAR_1700            D(1700)bar                -11114   -12114   -12214  -12224  -21214  -22124
  1706.00   16  10.412   0   2     0  D_1600               D(1600)                    31114    32114    32214   32224
  1706.00   16  10.413   0   2     1  DBAR_1600            D(1600)bar                -31114   -32114   -32214  -32224
  1710.00    4   1.823   0   2     0  N_1710               N(1710)                    42112    42212
  1710.00    4   1.822   0   2     1  NBAR_1710            N(1710)bar                -42112   -42212
  1717.00   12   8.521   0   1     0  KSTARBAR_1680        K*(1680)bar               -30313   -30323    30313   30323
  1720.00    1   0.423   0   1     0  F0_1710              f_0(1710)                  10331
  1720.00    9   8.998   0   1     0  RHOBAR_1700          rho(1700)bar              -30213    30113    30213
  1720.00    8   5.265   0   2     0  N_1720               N(1720)                    31214    32124
  1720.00    8   5.266   0   2     1  NBAR_1720            N(1720)bar                -31214   -32124
  1750.00    6   3.331   0   2     0  SIGMA_1750           Sigma(1750)                23112    23212    23222
  1750.00    6   3.326   0   2     1  SIGMABAR_1750        Sigma(1750)bar            -23112   -23212   -23222
  1773.00   20  20.273   0   1     0  K2BAR_1770           K_2(1770)bar              -10315   -10325    10315   10325
  1775.00   18   9.755   0   2     0  SIGMA_1775           Sigma(1775)                 3116     3216     3226
  1775.00   18   9.758   0   2     1  SIGMABAR_1775        Sigma(1775)bar             -3116    -3216    -3226
  1776.00   28  20.864   0   1     0  K3BAR_1780           K_3(1780)bar                -317     -327      317     327
  1800.00    2   1.087   0   2     0  LAMBDA_1800          Lambda(1800)               43122
  1800.00    2   1.088   0   2     1  LAMBDABAR_1800       Lambda(1800)bar           -43122
  1810.00    2   0.952   0   2     0  LAMBDA_1810          Lambda(1810)               53122
  1810.00    2   0.951   0   2     1  LAMBDABAR_1810       Lambda(1810)bar           -53122
  1816.00   20  20.302   0   1     0  K2BAR_1820           K_2(1820)bar              -20315   -20325    20315   20325
  1820.00    8   6.130   0   2     0  XI_1820              Xi(1820)                   13314    13324
  1820.00    8   6.129   0   2     1  XIBAR_1820           Xi(1820)bar               -13314   -13324
  1820.00    6   2.329   0   2     0  LAMBDA_1820          Lambda(1820)                3126
  1820.00    6   2.329   0   2     1  LAMBDABAR_1820       Lambda(1820)bar            -3126
  1830.00    6   4.711   0   2     0  LAMBDA_1830          Lambda(1830)               13126
  1830.00    6   4.715   0   2     1  LAMBDABAR_1830       Lambda(1830)bar           -13126
  1864.86    2   1.750   0   1     0  D0                   D0                           421     -421
  1869.62    2   1.704   0   1     0  D                    D                            411     -411
  1890.00    4   2.976   0   2     0  LAMBDA_1890          Lambda(1890)               23124
  1890.00    4   2.972   0   2     1  LAMBDABAR_1890       Lambda(1890)bar           -23124
  1900.00    8   5.460   0   2     0  D_1900               D(1900)                    11112    11212    12122   12222
  1900.00    8   5.457   0   2     1  DBAR_1900            D(1900)bar                -11112   -11212   -12122  -12222
  1905.00   24  15.194   0   2     0  D_1905               D(1905)                     1116     1216     2126    2226
  1905.00   24  15.186   0   2     1  DBAR_1905            D(1905)bar                 -1116    -1216    -2126   -2226
  1910.00    8   5.323   0   2     0  D_1910               D(1910)                    21112    21212    22122   22222
  1910.00    8   5.324   0   2     1  DBAR_1910            D(1910)bar                -21112   -21212   -22122  -22222
  1915.00   18  11.352   0   2     0  SIGMA_1915           Sigma(1915)                13116    13216    13226
  1915.00   18  11.368   0   2     1  SIGMABAR_1915        Sigma(1915)bar            -13116   -13216   -13226
  1920.00   16  10.263   0   2     0  D_1920               D(1920)                    21114    22114    22214   22224
  1920.00   16  10.261   0   2     1  DBAR_1920            D(1920)bar                -21114   -22114   -22214  -22224
  1930.00   24  14.793   0   2     0  D_1930               D(1930)                    11116    11216    12126   12226
  1930.00   24  14.790   0   2     1  DBAR_1930            D(1930)bar                -11116   -11216   -12126  -12226
  1940.00   12   8.420   0   2     0  SIGMA_1940           Sigma(1940)                23114    23214    23224
  1940.00   12   8.428   0   2     1  SIGMABAR_1940        Sigma(1940)bar            -23114   -23214   -23224
  1950.00    4   2.803   0   2     0  XI_1950              Xi(1950)                   23312    23322
  1950.00    4   2.802   0   2     1  XIBAR_1950           Xi(1950)bar               -23312   -23322
  1950.00   32  17.768   0   2     0  D_1950               D(1950)                     1118     2118     2218    2228
  1950.00   32  17.763   0   2     1  DBAR_1950            D(1950)bar                 -1118    -2118    -2218   -2228
  1968.49    2   1.714   0   1     0  DS                   D_s                          431     -431
  1990.00    8   5.289   0   2     0  N_1990               N(1990)                    11218    12128
  1990.00    8   5.278   0   2     1  NBAR_1990            N(1990)bar                -11218   -12128
  2006.98    6   5.256   0   1     0  DSTAR                D*                           423     -423
  2010.28    6   7.240   0   1     0  DSTAR                D*                           413     -413
  2030.00   12   6.228   0   2     0  XI_2030              Xi(2030)                    3316     3326
  2030.00   12   6.233   0   2     1  XIBAR_2030           Xi(2030)bar                -3316    -3326
  2030.00   24  13.630   0   2     0  SIGMA_2030           Sigma(2030)                 3118     3218     3228
  2030.00   24  13.630   0   2     1  SIGMABAR_2030        Sigma(2030)bar             -3118    -3218    -3228
  2100.00    8   4.907   0   2     0  LAMBDA_2100          Lambda(2100)                3128
  2100.00    8   4.921   0   2     1  LAMBDABAR_2100       Lambda(2100)bar            -3128
  2110.00    6   3.956   0   2     0  LAMBDA_2110          Lambda(2110)               23126
  2110.00    6   3.956   0   2     1  LAMBDABAR_2110       Lambda(2110)bar           -23126
  2112.30    6   5.148   0   1     0  DSTARS               D*_s                         433     -433
  2190.00   16  10.548   0   2     0  N_2190               N(2190)                     1218     2128
  2190.00   16  10.546   0   2     1  NBAR_2190            N(2190)bar                 -1218    -2128
  2286.46    2   6.797   0   2     0  LAMBDAC              Lambda_c                    4122
  2286.46    2   6.808   0   2     1  LAMBDACBAR           Lambda_cbar                -4122
  2317.80    2   1.713   0   1     0  DSTAR0S              D*_0s                      10431   -10431
  2318.00    4   4.794   0   1     0  DSTAR0               D*_0                       10411    10421   -10411  -10421
  2421.30    6   8.584   0   1     0  D10                  D_10                       10423   -10423
  2424.00    6   7.919   0   1     0  D1                   D_1                        10413   -10413
  2427.00   12  16.497   0   1     0  DSTAR1               D*_1                       20413    20423   -20413  -20423
  2452.90    2   1.920   0   2     0  SIGMAC               Sigma_c                     4212
  2452.90    2   1.916   0   2     1  SIGMACBAR            Sigma_cbar                 -4212
  2453.74    2   2.918   0   2     0  SIGMAC0              Sigma_c0                    4112
  2453.74    2   2.918   0   2     1  SIGMACBAR            Sigma_cbar                 -4112
  2453.98    2   2.918   0   2     0  SIGMAC               Sigma_c++                   4222
  2453.98    2   2.918   0   2     1  SIGMACBAR_BAR        Sigma_cbar--bar            -4222
  2459.60    6   5.143   0   1     0  DSTAR1S              D*_1s                      20433   -20433
  2462.60   10  13.272   0   1     0  DSTAR2BAR_2460       D*_2(2460)bar               -425      425
  2464.40   10  12.847   0   1     0  DSTAR2BAR_2460       D*_2(2460)bar               -415      415
  2467.80    2   8.348   0   2     0  XIC                  Xi_c                        4232
  2467.80    2   8.348   0   2     1  XICBAR               Xi_cbar                    -4232
  2470.88    2   8.840   0   2     0  XIC0                 Xi_c0                       4132
  2470.88    2   8.832   0   2     1  XICBAR               Xi_cbar                    -4132
  2517.50    4   3.834   0   2     0  SIGMASTARC           Sigma*_c                    4214
  2517.50    4   3.840   0   2     1  SIGMASTARCBAR        Sigma*_cbar                -4214
  2517.90    4   5.832   0   2     0  SIGMASTARC           Sigma*_c++                  4224
  2517.90    4   5.833   0   2     1  SIGMASTARCBAR_BAR    Sigma*_cbar--bar           -4224
  2518.80    4   5.835   0   2     0  SIGMASTARC0          Sigma*_c0                   4114
  2518.80    4   5.834   0   2     1  SIGMASTARCBAR        Sigma*_cbar                -4114
  2535.12    6   7.290   0   1     0  D1S                  D_1s                       10433   -10433
  2571.90   10  10.545   0   1     0  DSTAR2SBAR_2573      D*_2s(2573)bar              -435      435
  2575.60    2   1.520   0   2     0  XIPC                 Xi'_c                       4322
  2575.60    2   1.521   0   2     1  XIPCBAR              Xi'_cbar                   -4322
  2577.90    2   1.924   0   2     0  XIPC0                Xi'_c0                      4312
  2577.90    2   1.926   0   2     1  XIPCBAR              Xi'_cbar                   -4312
  2592.25    2   3.240   0   2     0  LAMBDAC_2593         Lambda_c(2593)             14122
  2592.25    2   3.239   0   2     1  LAMBDACBAR_2593      Lambda_c(2593)bar         -14122
  2628.10    4   6.473   0   2     0  LAMBDAC_2625         Lambda_c(2625)              4124
  2628.10    4   6.477   0   2     1  LAMBDACBAR_2625      Lambda_c(2625)bar          -4124
  2645.90    8   6.885   0   2     0  XISTARC              Xi*_c                       4324     4314
  2645.90    8   6.900   0   2     1  XISTARCBAR           Xi*_cbar                   -4314    -4324
  2695.20    2   9.595   0   2     0  OMEGAC0              Omega_c0                    4332
  2695.20    2   9.599   0   2     1  OMEGACBAR            Omega_cbar                 -4332
  2765.90    4   4.468   0   2     0  OMEGASTARC0          Omega*_c0                   4334
  2765.90    4   4.471   0   2     1  OMEGASTARCBAR        Omega*_cbar                -4334
  2981.00    1   4.176   0   1     0  ETAC                 eta_c                        441
  3096.92    3  12.399   0   1     0  J_PSI                J/psi                        443
  3414.75    1   4.583   0   1     0  CHI0C                chi_0c                     10441
  3510.66    3  11.284   0   1     0  CHI1C                chi_1c                     20443
  3525.41    3   9.975   0   1     0  H1C                  h_1c                       10443
  3556.20    5  20.797   0   1     0  CHI2C                chi_2c                       445
  3597.98    4  18.896   0   2     0  XICC                 Xi_cc                       4412     4422
  3597.98    4  18.905   0   2     1  XICCBAR              Xi_ccbar                   -4412    -4422
  3638.90    1   4.839   0   1     0  ETAC_2S              eta_c(2S)                 100441
  3656.48    8  37.794   0   2     0  XISTARCC             Xi*_cc                      4414     4424
  3656.48    8  37.845   0   2     1  XISTARCCBAR          Xi*_ccbar                  -4414    -4424
  3686.11    3   5.741   0   1     0  PSI_2S               psi(2S)                   100443
  3773.15    3   5.204   0   1     0  PSI_3770             psi(3770)                  30443
  3786.63    2   9.108   0   2     0  OMEGACC              Omega_cc                    4432
  3786.63    2   9.100   0   2     1  OMEGACCBAR           Omega_ccbar                -4432
  3824.66    4  18.210   0   2     0  OMEGASTARCC          Omega*_cc                   4434
  3824.66    4  18.235   0   2     1  OMEGASTARCCBAR       Omega*_ccbar               -4434
  4915.94    4  20.427   0   2     0  OMEGASTARCCC         Omega*_ccc++                4444
  4915.94    4  20.431   0   2     1  OMEGASTARCCCBAR_BAR  Omega*_cccbar--bar         -4444
  5279.25    2   5.951   0   1     0  B                    B                            521     -521
  5279.58    2   6.489   0   1     0  B0                   B0                           511     -511
  5325.20   12  24.750   0   1     0  BSTAR                B*                           513      523     -513    -523
  5366.77    2   6.029   0   1     0  BS0                  B_s0                         531     -531
  5415.40    6  12.123   0   1     0  BSTARS0              B*_s0                        533     -533
  5619.40    2   7.680   0   2     0  LAMBDAB0             Lambda_b0                   5122
  5619.40    2   7.693   0   2     1  LAMBDABBAR           Lambda_bbar                -5122
  5680.00    4   9.592   0   1     0  BSTAR0               B*_0                       10521    10511   -10511  -10521
  5730.00   12  28.783   0   1     0  B1                   B_1                        10523    10513   -10513  -10523
  5743.00   20  48.608   0   1     0  BSTAR2               B*_2                         525      515     -515    -525
  5780.00   12  28.772   0   1     0  BSTAR1               B*_1                       20523    20513   -20513  -20523
  5788.00    2   7.164   0   2     0  XIB0                 Xi_b0                       5232
  5788.00    2   7.165   0   2     1  XIBBAR               Xi_bbar                    -5232
  5791.10    2   7.543   0   2     0  XIB                  Xi_b                        5132
  5791.10    2   7.545   0   2     1  XIBBAR               Xi_bbar                    -5132
  5800.00    2   4.509   0   2     0  SIGMAB0              Sigma_b0                    5212
  5800.00    2   4.507   0   2     1  SIGMABBAR            Sigma_bbar                 -5212
  5810.00    4   9.015   0   2     0  SIGMASTARB0          Sigma*_b0                   5214
  5810.00    4   9.020   0   2     1  SIGMASTARBBAR        Sigma*_bbar                -5214
  5811.30    2   5.509   0   2     0  SIGMAB               Sigma_b                     5222
  5811.30    2   5.510   0   2     1  SIGMABBAR            Sigma_bbar                 -5222
  5815.50    2   5.511   0   2     0  SIGMAB               Sigma_b                     5112
  5815.50    2   5.509   0   2     1  SIGMABBAR            Sigma_bbar                 -5112
  5829.00    6  13.430   0   1     0  B1S0                 B_1s0                      10533   -10533
  5832.10    4  11.010   0   2     0  SIGMASTARB           Sigma*_b                    5224
  5832.10    4  11.021   0   2     1  SIGMASTARBBAR        Sigma*_bbar                -5224
  5835.10    4  11.017   0   2     0  SIGMASTARB           Sigma*_b                    5114
  5835.10    4  11.021   0   2     1  SIGMASTARBBAR        Sigma*_bbar                -5114
  5839.70   10  22.374   0   1     0  BSTAR2S0             B*_2s0                       535     -535
  5920.00    2   4.477   0   1     0  BSTAR0S0             B*_0s0                     10531   -10531
  5960.00    4   8.328   0   2     0  XIPB                 Xi'_b                       5312     5322
  5960.00    4   8.341   0   2     1  XIPBBAR              Xi'_bbar                   -5312    -5322
  5970.00    8  16.642   0   2     0  XISTARB              Xi*_b                       5314     5324
  5970.00    8  16.644   0   2     1  XISTARBBAR           Xi*_bbar                   -5314    -5324
  6020.00    6  13.433   0   1     0  BSTAR1S0             B*_1s0                     20533   -20533
  6070.00    2   8.008   0   2     0  OMEGAB               Omega_b                     5332
  6070.00    2   8.007   0   2     1  OMEGABBAR            Omega_bbar                 -5332
  6130.00    4   9.618   0   2     0  OMEGASTARB           Omega*_b                    5334
  6130.00    4   9.599   0   2     1  OMEGASTARBBAR        Omega*_bbar                -5334
  6277.00    2   4.993   0   1     0  BC                   B_c                          541     -541
  6340.00    6  14.169   0   1     0  BSTARC               B*_c                         543     -543
  7005.75    4  20.164   0   2     0  XIBC                 Xi_bc                       5242     5142
  7005.75    4  20.179   0   2     1  XIBCBAR              Xi_bcbar                   -5142    -5242
  7037.24    4  20.204   0   2     0  XIPBC                Xi'_bc                      5422     5412
  7037.24    4  20.208   0   2     1  XIPBCBAR             Xi'_bcbar                  -5412    -5422
  7048.50    8  40.382   0   2     0  XISTARBC             Xi*_bc                      5424     5414
  7048.50    8  40.413   0   2     1  XISTARBCBAR          Xi*_bcbar                  -5414    -5424
  7190.99    2   9.884   0   2     0  OMEGABC0             Omega_bc0                   5342
  7190.99    2   9.868   0   2     1  OMEGABCBAR           Omega_bcbar                -5342
  7211.01    2   9.891   0   2     0  OMEGAPBC0            Omega'_bc0                  5432
  7211.01    2   9.878   0   2     1  OMEGAPBCBAR          Omega'_bcbar               -5432
  7219.00    4  19.762   0   2     0  OMEGASTARBC0         Omega*_bc0                  5434
  7219.00    4  19.761   0   2     1  OMEGASTARBCBAR       Omega*_bcbar               -5434
  7250.00    2   5.858   0   1     0  BSTAR0C              B*_0c                      10541   -10541
  7300.00   12  35.130   0   1     0  B1C                  B_1c                       10543   -10543    20543  -20543
  7350.00   10  29.303   0   1     0  BSTAR2C              B*_2c                        545     -545
  8309.45    2  10.885   0   2     0  OMEGABCC             Omega_bcc                   5442
  8309.45    2  10.877   0   2     1  OMEGABCCBAR          Omega_bccbar               -5442
  8313.25    4  21.766   0   2     0  OMEGASTARBCC         Omega*_bcc                  5444
  8313.25    4  21.782   0   2     1  OMEGASTARBCCBAR      Omega*_bccbar              -5444
  9400.00    1   0.000   0   1     0  ETAB                 eta_b                        551
  9460.30    3   0.077   0   1     0  UPSILON              Upsilon                      553
  9859.40    1   0.000   0   1     0  CHI0B                chi_0b                     10551
  9892.80    3   0.026   0   1     0  CHI1B                chi_1b                     20553
  9898.60    3   0.000   0   1     0  H1B                  h_1b                       10553
  9912.20    5   0.028   0   1     0  CHI2B                chi_2b                       555
 10023.26    3   0.626   0   1     0  UPSILON_2S           Upsilon(2S)               100553
 10355.20    3   0.602   0   1     0  UPSILON_3S           Upsilon(3S)               200553
 10422.72    4  25.938   0   2     0  XIBB                 Xi_bb                       5512     5522
 10422.72    4  25.936   0   2     1  XIBBBAR              Xi_bbbar                   -5512    -5522
 10441.44    8  51.878   0   2     0  XISTARBB             Xi*_bb                      5514     5524
 10441.44    8  51.862   0   2     1  XISTARBBBAR          Xi*_bbbar                  -5514    -5524
 10602.09    2  12.714   0   2     0  OMEGABB              Omega_bb                    5532
 10602.09    2  12.724   0   2     1  OMEGABBBAR           Omega_bbbar                -5532
 10614.26    4  25.419   0   2     0  OMEGASTARBB          Omega*_bb                   5534
 10614.26    4  25.450   0   2     1  OMEGASTARBBBAR       Omega*_bbbar               -5534
 11707.67    2  13.744   0   2     0  OMEGABBC0            Omega_bbc0                  5542
 11707.67    2  13.742   0   2     1  OMEGABBCBAR          Omega_bbcbar               -5542
 11711.47    4  27.452   0   2     0  OMEGASTARBBC0        Omega*_bbc0                 5544
 11711.47    4  27.489   0   2     1  OMEGASTARBBCBAR      Omega*_bbcbar              -5544
 15110.61    4  33.156   0   2     0  OMEGASTARBBB         Omega*_bbb                  5554
 15110.61    4  33.141   0   2     1  OMEGASTARBBBBAR      Omega*_bbbbar              -5554
# 3296.92    1   1.684   0   1     0  J_PSI_1S0_8          J/psi[1S0(8)]            9941003
# 3296.92    6  10.113   0   1     0  J_PSI_3PJ_8          J/psi[3PJ(8)]            9942003  9940003
# 3614.75    3   5.926   0   1     0  CHI0C_3S1_8          chi_0c[3S1(8)]           9940011
# 3710.66    3   5.826   0   1     0  CHI1C_3S1_8          chi_1c[3S1(8)]           9940023
# 3756.20    3   6.043   0   1     0  CHI2C_3S1_8          chi_2c[3S1(8)]           9940005
# 3886.11    1   1.868   0   1     0  PSI_2S_1S0_8         psi(2S)[1S0(8)]          9941103
# 3886.11    6  11.211   0   1     0  PSI_2S_3PJ_8         psi(2S)[3PJ(8)]          9942103  9940103
# 3973.15    3   5.204   0   1     0  PSI_3770_3PJ_8       psi(3770)[3PJ(8)]        9942033
# 9660.30    1   0.025   0   1     0  UPSILON_1S0_8        Upsilon[1S0(8)]          9951003
# 9660.30    6   0.153   0   1     0  UPSILON_3PJ_8        Upsilon[3PJ(8)]          9952003  9950003
#10059.40    3   0.001   0   1     0  CHI0B_3S1_8          chi_0b[3S1(8)]           9950011
#10092.80    3   0.027   0   1     0  CHI1B_3S1_8          chi_1b[3S1(8)]           9950023
#10112.20    3   0.017   0   1     0  CHI2B_3S1_8          chi_2b[3S1(8)]           9950005
#10223.26    1   0.209   0   1     0  UPSILON_2S_1S0_8     Upsilon(2S)[1S0(8)]      9951103
#10223.26    6   1.253   0   1     0  UPSILON_2S_3PJ_8     Upsilon(2S)[3PJ(8)]      9952103  9950103
#10555.20    1   0.201   0   1     0  UPSILON_3S_1S0_8     Upsilon(3S)[1S0(8)]      9951203
#10555.20    6   1.206   0   1     0  UPSILON_3S_3PJ_8     Upsilon(3S)[3PJ(8)]      9952203  9950203
