984.0      3.0    1.0     0.0   1  0          a0                10111  10211 -10211
1232.5    16.0    5.333   0.0   2  0          Delta              1114   2114   2214   2224
1232.5    16.0    5.333   0.0   2  1          Delta-bar         -1114  -2114  -2214  -2224
547.0      1.0    0.23    0.0   1  0          eta                 221
958.0      1.0    0.44    0.0   1  0          eta'                331
980.0      1.0    1.0     0.0   1  0          f_0(980)          10221
498.0      2.0    0.69    0.0   1  0          Kbar               -311   -321
894.0      6.0    4.0     0.0   1  0          K*(892)             313    323
894.0      6.0    4.0     0.0   1  1          K*(892)-bar        -313   -323
1116.0     2.0    1.28    0.0   2  0          Lambda             3122
1116.0     2.0    1.28    0.0   2  1          Lambda-bar        -3122
782.0      3.0    2.62    0.0   1  0          omega               223
1019.0     3.0    1.47    0.0   1  0          phi(1020)           333
767.0      9.0    6.0     0.0   1  0          rho(770)            113    213   -213
550.0      1.0    1.0     0.0   1  0          f_0(600)          10220
1193.0     6.0    2.0     0.0   2  0          Sigma              3112   3212   3222
1193.0     6.0    0.96    0.0   2  1          Sigma-bar         -3112  -3212  -3222
139.0      3.0    1.0     0.0   1  0          pion                111    211   -211
494.0      2.0    1.0     0.0   1  0          K=(K_0,K+)          321    311
939.0      4.0    2.0     0.0   2  0          nucleon            2112   2212
939.0      4.0    2.0     0.0   2  1          anti-nucleon      -2112  -2212
1230.0     9.0    0.0     0.0   1  0          a_1(1260)         20113  20213 -20213
1318.0    15.0    0.0     0.0   1  0          a_2(1320)           115    215   -215
1231.0     9.0    0.0     0.0   1  0          b_1(1235)         10113  10213 -10213
1300.0     3.0    0.0     0.0   1  0          pi(1300)          20111  20211 -20211
1670.0    15.0    0.0     0.0   1  0          pi_2(1670)        10115  10215 -10215
1465.0     9.0    0.0     0.0   1  0          rho(1465)         30113  30213 -30213
1275.0     5.0    0.0     0.0   1  0          f_2(1270)           225
1525.0     5.0    0.0     0.0   1  0          f_2'(1525)          335
1170.0     3.0    0.0     0.0   1  0          h_1(1170)         10223
1400.0     1.0    0.0     0.0   1  0          f'_0              10331
1400.0     3.0    0.0     0.0   1  0          h'_1              10333
1295.0     1.0    0.0     0.0   1  0          eta(1295)         20221
1282.0     3.0    0.0     0.0   1  0          f_1(1285)         20223
1427.0     3.0    0.0     0.0   1  0          f_1(1420)         20333
1300.0     1.0    0.0     0.0   1  0          f_0(1300)         30221
1419.0     3.0    0.0     0.0   1  0          omega(1420)       30223
1512.0     3.0    0.0     0.0   1  0          f_1(1510)         50223
1662.0     3.0    0.0     0.0   1  0          omega(1600)       60223
1290.0     6.0    0.0     0.0   1  0          K_1(1270)         10313  10323
1290.0     6.0    0.0     0.0   1  1          K_1(1270)-bar    -10313 -10323
1433.5    10.0    0.0     0.0   1  0          K_2*(1430)          315    325
1433.5    10.0    0.0     0.0   1  1          K_2*(1430)-bar     -315   -325
1429.0     2.0    0.0     0.0   1  0          K_0*(1430)        10311  10321
1429.0     2.0    0.0     0.0   1  1          K_0*(1430)-bar   -10311 -10321
1402.0     6.0    0.0     0.0   1  0          K_1(1400)         20313  20323
1402.0     6.0    0.0     0.0   1  1          K_1(1400)-bar    -20313 -20323
1412.0     6.0    0.0     0.0   1  0          K*(1410)          30313  30323
1412.0     6.0    0.0     0.0   1  1          K*(1410)-bar     -30313 -30323
1440.0     4.0    0.0     0.0   2  0          N(1440)           12112  12212
1440.0     4.0    0.0     0.0   2  1          N(1440)-bar      -12112 -12212
1520.0     8.0    0.0     0.0   2  0          N(1520)            1214   2124
1520.0     8.0    0.0     0.0   2  1          N(1520)-bar       -1214  -2124
1535.0     4.0    0.0     0.0   2  0          N(1535)           22112  22212
1535.0     4.0    0.0     0.0   2  1          N(1535)-bar      -22112 -22212
1650.0     4.0    0.0     0.0   2  0          N(1650)           32112  32212
1650.0     4.0    0.0     0.0   2  1          N(1650)-bar      -32112 -32212
1600.0    16.0    0.0     0.0   2  0          Delta(1600)       31114  32114  32214  32224
1600.0    16.0    0.0     0.0   2  1          Delta(1600)-bar  -31114 -32114 -32214 -32224
1620.0     8.0    0.0     0.0   2  0          Delta(1620)        1112   1212   2122   2222
1620.0     8.0    0.0     0.0   2  1          Delta(1620)-bar   -1112  -1212  -2122  -2222
1405.0     2.0    0.0     0.0   2  0          Lambda(1405)      13122
1405.0     2.0    0.0     0.0   2  1          Lambda(1405)-bar -13122
1520.0     4.0    0.0     0.0   2  0          Lambda(1520)       3124
1520.0     4.0    0.0     0.0   2  1          Lambda(1520)-bar  -3124
1600.0     2.0    0.0     0.0   2  0          Lambda(1600)      23122
1600.0     2.0    0.0     0.0   2  1          Lambda(1600)-bar -23122
1670.0     2.0    0.0     0.0   2  0          Lambda(1670)      33122
1670.0     2.0    0.0     0.0   2  1          Lambda(1670)-bar -33122
1384.6    12.0    0.0     0.0   2  0          Sigma(1385)        3114   3214   3224
1384.6    12.0    0.0     0.0   2  1          Sigma(1385)-bar   -3114  -3214  -3224
1660.0     6.0    0.0     0.0   2  0          Sigma(1660)       13112  13212  13222
1660.0     6.0    0.0     0.0   2  1          Sigma(1660)-bar  -13112 -13212 -13222
1670.0    12.0    0.0     0.0   2  0          Sigma(1670)       13114  13214  13224
1670.0    12.0    0.0     0.0   2  1          Sigma(1670)-bar  -13114 -13214 -13224
1318.0     4.0    0.0     0.0   2  0          Xi                 3322   3312
1318.0     4.0    0.0     0.0   2  1          Xi-bar            -3322  -3312
1533.5     8.0    0.0     0.0   2  0          Xi(1530)           3314   3324
1533.5     8.0    0.0     0.0   2  1          Xi(1530)-bar      -3314  -3324
1672.0     4.0    0.0     0.0   2  0          Omega              3334
1672.0     4.0    0.0     0.0   2  1          Omega-bar         -3334                              
1680.0     3.0    0.0     0.0   1  0          phi(1680)         30333
1700.0     9.0    0.0     0.0   1  0          rho(1700)         40113  40213 -40213
1714.0     6.0    0.0     0.0   1  0          K*(1680)          40313  40323
1714.0     6.0    0.0     0.0   1  1          K*(1680)-bar     -40313 -40323
1770.0    14.0    0.0     0.0   1  0          K_3(1780)           317    327
1770.0    14.0    0.0     0.0   1  1          K_3(1780)-bar      -317   -327
1773.0    10.0    0.0     0.0   1  0          K_2(1770)         10315  10325
1773.0    10.0    0.0     0.0   1  1          K_2(1770)-bar    -10315 -10325
1816.0    10.0    0.0     0.0   1  0          K_2(1820)         20315  20325
1816.0    10.0    0.0     0.0   1  1          K_2(1820)-bar    -20315 -20325
1675.0    12.0    0.0     0.0   2  0          N(1675)            2116   2216
1675.0    12.0    0.0     0.0   2  1          N(1675)-bar       -2116  -2216
1680.0    12.0    0.0     0.0   2  0          N(1680)           12116  12216
1680.0    12.0    0.0     0.0   2  1          N(1680)-bar      -12116 -12216
1700.0     8.0    0.0     0.0   2  0          N(1700)           21214  22124
1700.0     8.0    0.0     0.0   2  1          N(1700)-bar      -21214 -22124
1710.0     4.0    0.0     0.0   2  0          N(1710)           42112  42212
1710.0     4.0    0.0     0.0   2  1          N(1710)-bar      -42112 -42212
1720.0     8.0    0.0     0.0   2  0          N(1720)           31214  32124
1720.0     8.0    0.0     0.0   2  1          N(1720)-bar      -31214 -32124
1990.0    16.0    0.0     0.0   2  0          N(1990)           11218  12128
1990.0    16.0    0.0     0.0   2  1          N(1990)-bar      -11218 -12128
1700.0    16.0    0.0     0.0   2  0          D(1700)           11114  12114  12214  12224
1700.0    16.0    0.0     0.0   2  1          D(1700)-bar      -11114 -12114 -12214 -12224
1900.0     8.0    0.0     0.0   2  0          D(1900)           11112  11212  12122  12222
1900.0     8.0    0.0     0.0   2  1          D(1900)-bar      -11112 -11212 -12122 -12222
1905.0    24.0    0.0     0.0   2  0          D(1905)            1116   1216   2126   2226
1905.0    24.0    0.0     0.0   2  1          D(1905)-bar       -1116  -1216  -2126  -2226
1910.0     8.0    0.0     0.0   2  0          D(1910)           21112  21212  22122  22222
1910.0     8.0    0.0     0.0   2  1          D(1910)-bar      -21112 -21212 -22122 -22222
1920.0    16.0    0.0     0.0   2  0          D(1920)           21114  22114  22214  22224
1920.0    16.0    0.0     0.0   2  1          D(1920)-bar      -21114 -22114 -22214 -22224
1930.0    24.0    0.0     0.0   2  0          D(1930)           11116  11216  12126  12226
1930.0    24.0    0.0     0.0   2  1          D(1930)-bar      -11116 -11216 -12126 -12226
1950.0    32.0    0.0     0.0   2  0          D(1950)            1118   2118   2218   2228
1950.0    32.0    0.0     0.0   2  1          D(1950)-bar       -1118  -2118  -2218  -2228
1690.0     4.0    0.0     0.0   2  0          L(1690)0          13124
1690.0     4.0    0.0     0.0   2  1          L(1690)0-bar     -13124
1800.0     2.0    0.0     0.0   2  0          L(1800)0          43122
1800.0     2.0    0.0     0.0   2  1          L(1800)0-bar     -43122
1810.0     2.0    0.0     0.0   2  0          L(1810)0          53122
1810.0     2.0    0.0     0.0   2  1          L(1810)0-bar     -53122
1820.0     6.0    0.0     0.0   2  0          L(1820)0           3126
1820.0     6.0    0.0     0.0   2  1          L(1820)0-bar      -3126
1830.0     6.0    0.0     0.0   2  0          L(1830)0          13126
1830.0     6.0    0.0     0.0   2  1          L(1830)0-bar     -13126
1890.0     4.0    0.0     0.0   2  0          L(1890)0          23124
1890.0     4.0    0.0     0.0   2  1          L(1890)0-bar     -23124
2100.0     8.0    0.0     0.0   2  0          L(2100)0           3128
2100.0     8.0    0.0     0.0   2  1          L(2100)0-bar      -3128
2110.0     6.0    0.0     0.0   2  0          L(2110)0          23126
2110.0     6.0    0.0     0.0   2  1          L(2110)0-bar     -23126
1750.0     6.0    0.0     0.0   2  0          S(1750)           23112  23212  23222
1750.0     6.0    0.0     0.0   2  1          S(1750)-bar      -23112 -23212 -23222
1775.0    18.0    0.0     0.0   2  0          S(1775)            3116   3216   3226
1775.0    18.0    0.0     0.0   2  1          S(1775)-bar       -3116  -3216  -3226
1915.0    18.0    0.0     0.0   2  0          S(1915)           13116  13216  13226
1915.0    18.0    0.0     0.0   2  1          S(1915)-bar      -13116 -13216 -13226
1940.0    12.0    0.0     0.0   2  0          S(1940)           23114  23214  23224
1940.0    12.0    0.0     0.0   2  1          S(1940)-bar      -23114 -23214 -23224
2030.0    24.0    0.0     0.0   2  0          S(2030)            3118   3218   3228
2030.0    24.0    0.0     0.0   2  1          S(2030)-bar       -3118  -3218  -3228
1690.0     4.0    0.0     0.0   2  0          X(1690)           13312  13322
1690.0     4.0    0.0     0.0   2  1          X(1690)-bar      -13312 -13322
1820.0     8.0    0.0     0.0   2  0          X(1820)           13314  13324
1820.0     8.0    0.0     0.0   2  1          X(1820)-bar      -13314 -13324
1950.0     4.0    0.0     0.0   2  0          X(1950)           23312  23322
1950.0     4.0    0.0     0.0   2  1          X(1950)-bar      -23312 -23322
2030.0    12.0    0.0     0.0   2  0          X(2030)            3316   3326
2030.0    12.0    0.0     0.0   2  1          X(2030)-bar       -3316  -3326
