# MASS    DEG    DEGEFF   MU  BF ANTI          KEY            NAME           PDGCODES ...
#------ -----    ------  ---  -- ----          -------------- -------------- -----------------------------
 984.0    3.0    1.0     0.0   1    0          A0             a_0(1450)         10111  10211  -10211
1232.5   16.0    5.333   0.0   2    0          DELTA          Delta              1114   2114    2214   2224
1232.5   16.0    5.333   0.0   2    1          DELTABAR       Delta-bar         -1114  -2114   -2214  -2224
 547.0    1.0    0.23    0.0   1    0          ETA            eta                 221
 958.0    1.0    0.44    0.0   1    0          ETAP           eta'                331
 980.0    1.0    1.0     0.0   1    0          F0             f_0(980)        9010221
 498.0    2.0    0.69    0.0   1    0          KBAR           Kbar               -311   -321
 894.0    6.0    4.0     0.0   1    0          KSTAR          K*(892)             313    323
 894.0    6.0    4.0     0.0   1    1          KSTARBAR       K*(892)-bar        -313   -323
1116.0    2.0    1.28    0.0   2    0          LAMBDA         Lambda             3122
1116.0    2.0    1.28    0.0   2    1          LAMBDABAR      Lambda-bar        -3122
 782.0    3.0    2.62    0.0   1    0          OMEGA          omega               223
1019.0    3.0    1.47    0.0   1    0          PHI            phi(1020)           333
 767.0    9.0    6.0     0.0   1    0          RHO            rho(770)            113    213    -213
 550.0    1.0    1.0     0.0   1    0          SIGMA          f_0(600)        9000221
1193.0    6.0    2.0     0.0   2    0          SIGMAB         Sigma              3112   3212    3222
1193.0    6.0    0.96    0.0   2    1          SIGMABBAR      Sigma-bar         -3112  -3212   -3222
 139.0    3.0    1.0     0.0   1    0          PI             pion                111    211    -211
 494.0    2.0    1.0     0.0   1    0          K              K=(K_0,K+)          321    311
 939.0    4.0    2.0     0.0   2    0          PRO            nucleon            2112   2212
 939.0    4.0    2.0     0.0   2    1          PBAR           anti-nucleon      -2112  -2212
1230.0    9.0    0.0     0.0   1    0          A1_1260        a_1(1260)         20113  20213  -20213
1318.0   15.0    0.0     0.0   1    0          A2_1320        a_2(1320)           115    215    -215
1231.0    9.0    0.0     0.0   1    0          B1_1235        b_1(1235)         10113  10213  -10213
1300.0    3.0    0.0     0.0   1    0          PI_1300        pi(1300)         100111 100211 -100211
1670.0   15.0    0.0     0.0   1    0          PI2_1670       pi_2(1670)        10115  10215  -10215
1465.0    9.0    0.0     0.0   1    0          RHO_1465       rho(1465)        100113 100213 -100213
1275.0    5.0    0.0     0.0   1    0          F2_1270        f_2(1270)           225
1525.0    5.0    0.0     0.0   1    0          F2P_1525       f_2'(1525)          335
1170.0    3.0    0.0     0.0   1    0          H1_1170        h_1(1170)         10223
1400.0    1.0    0.0     0.0   1    0          F0P            f'_0              10331
1400.0    3.0    0.0     0.0   1    0          H1P            h'_1              10333
1295.0    1.0    0.0     0.0   1    0          ETA_1295       eta(1295)        100221
1282.0    3.0    0.0     0.0   1    0          F1_1285        f_1(1285)         20223
1427.0    3.0    0.0     0.0   1    0          F1_1420        f_1(1420)         20333
1300.0    1.0    0.0     0.0   1    0          F0_1300        f_0(1300)         10221
1425.0    3.0    0.0     0.0   1    0          OMEGA_1420     omega(1420)      100223
1512.0    3.0    0.0     0.0   1    0          F1_1510        f_1(1510)       9000223
1662.0    3.0    0.0     0.0   1    0          OMEGA_1650     omega(1650)       30223
1290.0    6.0    0.0     0.0   1    0          K1_1270        K_1(1270)         10313  10323
1290.0    6.0    0.0     0.0   1    1          K1BAR_1270     K_1(1270)-bar    -10313 -10323
1433.5   10.0    0.0     0.0   1    0          K2S_1430       K_2*(1430)          315    325
1433.5   10.0    0.0     0.0   1    1          K2SBAR_1430    K_2*(1430)-bar     -315   -325
1429.0    2.0    0.0     0.0   1    0          K0S_1430       K_0*(1430)        10311  10321
1429.0    2.0    0.0     0.0   1    1          K0SBAR_1430    K_0*(1430)-bar   -10311 -10321
1402.0    6.0    0.0     0.0   1    0          K1_1400        K_1(1400)         20313  20323
1402.0    6.0    0.0     0.0   1    1          K1BAR_1400     K_1(1400)-bar    -20313 -20323
#1412.0    6.0    0.0     0.0   1    0          KSTAR_1410     K*(1410)          30313  30323
1414.0    6.0    0.0     0.0   1    1          KSTARBAR_1410  K*(1410)-bar    -100313   -100323    100313    100323
1440.0    4.0    0.0     0.0   2    0          N_1440         n(1440)          202112    202212
1440.0    4.0    0.0     0.0   2    1          NBAR_1440      n(1440)-bar     -202112   -202212
1515.0    8.0    0.0     0.0   2    0          N_1520         n(1520)          102114    102214
1515.0    8.0    0.0     0.0   2    1          NBAR_1520      n(1520)-bar     -102114   -102214
1530.0    4.0    0.0     0.0   2    0          N_1535         n(1535)          102112    102212
1530.0    4.0    0.0     0.0   2    1          NBAR_1535      n(1535)-bar     -102112   -102212
1650.0    4.0    0.0     0.0   2    0          N_1650         n(1650)          122112    122212
1650.0    4.0    0.0     0.0   2    1          NBAR_1650      n(1650)-bar     -122112   -122212
1700.0   16.0    0.0     0.0   2    0          DELTA_1600     Delta(1600)       201114    202114    202214    202224    121114    122114  122214    122224 
1700.0   16.0    0.0     0.0   2    1          DELTABAR_1600  Delta(1600)-bar  -201114   -202114   -202214   -121114   -122114   -122214  -202224   -122224
1620.0    8.0    0.0     0.0   2    0          DELTA_1620     Delta(1620)       111112    112112    112212    112222
1620.0    8.0    0.0     0.0   2    1          DELTABAR_1620  Delta(1620)-bar  -111112   -112112   -112212   -112222
1405.0    2.0    0.0     0.0   2    0          LAMBDA_1405    Lambda(1405)      102132
1405.0    2.0    0.0     0.0   2    1          LAMBDABAR_1405 Lambda(1405)-bar -102132
1520.0    4.0    0.0     0.0   2    0          LAMBDA_1520    Lambda(1520)      102134
1520.0    4.0    0.0     0.0   2    1          LAMBDABAR_1520 Lambda(1520)-bar -102134
1600.0    2.0    0.0     0.0   2    0          LAMBDA_1600    Lambda(1600)      203122
1600.0    2.0    0.0     0.0   2    1          LAMBDABAR_1600 Lambda(1600)-bar -203122
1670.0    2.0    0.0     0.0   2    0          LAMBDA_1670    Lambda(1670)      103122
1670.0    2.0    0.0     0.0   2    1          LAMBDABAR_1670 Lambda(1670)-bar -103122
1384.6   12.0    0.0     0.0   2    0          SIGMAB_1385    Sigma(1385)        3114   3214   3224
1384.6   12.0    0.0     0.0   2    1          SIGMABBAR_1385 Sigma(1385)-bar   -3114  -3214  -3224
1660.0    6.0    0.0     0.0   2    0          SIGMAB_1660    Sigma(1660)       203112    203212    203222
1660.0    6.0    0.0     0.0   2    1          SIGMABBAR_1660 Sigma(1660)-bar  -203112   -203212   -203222
1670.0   12.0    0.0     0.0   2    0          SIGMAB_1670    Sigma(1670)       103114    103214    103224
1670.0   12.0    0.0     0.0   2    1          SIGMABBAR_1670 Sigma(1670)-bar  -103114   -103214   -103224
1318.0    4.0    0.0     0.0   2    0          XI             Xi                 3322   3312
1318.0    4.0    0.0     0.0   2    1          XIBAR          Xi-bar            -3322  -3312
1533.5    8.0    0.0     0.0   2    0          XI_1530        Xi(1530)           3314   3324
1533.5    8.0    0.0     0.0   2    1          XIBAR_1530     Xi(1530)-bar      -3314  -3324
1672.0    4.0    0.0     0.0   2    0          OMEGAB         Omega              3334
1672.0    4.0    0.0     0.0   2    1          OMEGABBAR      Omega-bar         -3334                              
1680.0    3.0    0.0     0.0   1    0          PHI_1680       phi(1680)        100333
1700.0    9.0    0.0     0.0   1    0          RHO_1700       rho(1700)         30113  30213 -30213
1714.0    6.0    0.0     0.0   1    0          KSTAR_1680     K*(1680)          30313  30323
1714.0    6.0    0.0     0.0   1    1          KSTARBAR_1680  K*(1680)-bar     -30313 -30323
1770.0   14.0    0.0     0.0   1    0          K_3_1780       K_3(1780)           317    327
1770.0   14.0    0.0     0.0   1    1          K_3BAR_1780    K_3(1780)-bar      -317   -327
1773.0   10.0    0.0     0.0   1    0          K_2_1770       K_2(1770)         10315  10325
1773.0   10.0    0.0     0.0   1    1          K_2BAR_1770    K_2(1770)-bar    -10315 -10325
1816.0   10.0    0.0     0.0   1    0          K_2_1820       K_2(1820)         20315  20325
1816.0   10.0    0.0     0.0   1    1          K_2BAR_1820    K_2(1820)-bar    -20315 -20325
1675.0   12.0    0.0     0.0   2    0          N_1675         n(1675)          102116    102216
1675.0   12.0    0.0     0.0   2    1          NBAR_1675      n(1675)-bar     -102116   -102216
1685.0   12.0    0.0     0.0   2    0          N_1680         n(1680)          202116    202216
1685.0   12.0    0.0     0.0   2    1          NBAR_1680      n(1680)-bar     -202116   -202216
1710.0    4.0    0.0     0.0   2    0          N_1710         n(1710)          212112    212212
1710.0    4.0    0.0     0.0   2    1          NBAR_1710      n(1710)-bar     -212112   -212212
1720.0   16.0    0.0     0.0   2    0          N_1700         n(1700)          112114    212114    112214    212214
1720.0   16.0    0.0     0.0   2    1          NBAR_1700      n(1700)-bar     -112114   -212114   -112214   -212214
1990.0    8.0    0.0     0.0   2    0          N_1990         N(1990)          102118    102218
1990.0    8.0    0.0     0.0   2    1          NBAR_1990      N(1990)-bar     -102118   -102218
1900.0    8.0    0.0     0.0   2    0          DELTA_1900     D(1900)          231112    232112    232212    232222
1900.0    8.0    0.0     0.0   2    1          DELTABAR_1900  D(1900)-bar     -231112   -232112   -232212   -232222
1905.0   24.0    0.0     0.0   2    0          DELTA_1905     D(1905)          211116    212116    212216    212226
1905.0   24.0    0.0     0.0   2    1          DELTABAR_1905  D(1905)-bar     -211116   -212116   -212216   -212226
1910.0    8.0    0.0     0.0   2    0          DELTA_1910     D(1910)          221112    222112    222212    222222
1910.0    8.0    0.0     0.0   2    1          DELTABAR_1910  D(1910)-bar     -221112   -222112   -222212   -222222
1920.0   16.0    0.0     0.0   2    0          DELTA_1920     D(1920)          221114    222114    222214    222224
1920.0   16.0    0.0     0.0   2    1          DELTABAR_1920  D(1920)-bar     -221114   -222114   -222214   -222224
1930.0   24.0    0.0     0.0   2    0          DELTA_1930     D(1930)          221116    222116    222216    222226
1930.0   24.0    0.0     0.0   2    1          DELTABAR_1930  D(1930)-bar     -221116   -222116   -222216   -222226
1950.0   32.0    0.0     0.0   2    0          DELTA_1950     D(1950)          201118    202118    202218    202228
1950.0   32.0    0.0     0.0   2    1          DELTABAR_1950  D(1950)-bar     -201118   -202118   -202218   -202228
1690.0    4.0    0.0     0.0   2    0          LAMBDA_1690    L(1690)0         103124
1690.0    4.0    0.0     0.0   2    1          LAMBDABAR_1690 L(1690)0-bar    -103124
1800.0    2.0    0.0     0.0   2    0          LAMBDA_1800    L(1800)0         123122
1800.0    2.0    0.0     0.0   2    1          LAMBDABAR_1800 L(1800)0-bar    -123122
1810.0    2.0    0.0     0.0   2    0          LAMBDA_1810    L(1810)0         213122
1810.0    2.0    0.0     0.0   2    1          LAMBDABAR_1810 L(1810)0-bar    -213122
1820.0    6.0    0.0     0.0   2    0          LAMBDA_1820    L(1820)0         203126
1820.0    6.0    0.0     0.0   2    1          LAMBDABAR_1820 L(1820)0-bar    -203126
1830.0    6.0    0.0     0.0   2    0          LAMBDA_1830    L(1830)0         103126
1830.0    6.0    0.0     0.0   2    1          LAMBDABAR_1830 L(1830)0-bar    -103126
1890.0    4.0    0.0     0.0   2    0          LAMBDA_1890    L(1890)0         213124
1890.0    4.0    0.0     0.0   2    1          LAMBDABAR_1890 L(1890)0-bar    -213124
2080.0    8.0    0.0     0.0   2    0          LAMBDA_2085    L(2085)0         102138
2080.0    8.0    0.0     0.0   2    1          LAMBDABAR_2085 L(2085)0-bar    -102138
2110.0    6.0    0.0     0.0   2    0          LAMBDA_2110    L(2110)0         213126
2110.0    6.0    0.0     0.0   2    1          LAMBDABAR_2110 L(2110)0-bar    -213126
1750.0   14.0    0.0     0.0   2    0          DELTA_1750     Delta(1750)      321112    322112    322212    322222    113112    113212  113222
1750.0   14.0    0.0     0.0   2    1          DELTABAR_1750  Delta(1750)bar  -321112   -322112   -322212   -322222   -113112   -113212  -113222
1775.0   18.0    0.0     0.0   2    0          SIGMAB_1775    S(1775)          103116    103216    103226
1775.0   18.0    0.0     0.0   2    1          SIGMABBAR_1775 S(1775)-bar     -103116   -103216   -103226
1910.0   12.0    0.0     0.0   2    0          SIGMAB_1910    S(1910)          203114    203214    203224
1910.0   12.0    0.0     0.0   2    1          SIGMABBAR_1910 S(1910)-bar     -203114   -203214   -203224
1915.0   18.0    0.0     0.0   2    0          SIGMAB_1915    S(1915)          203116    203216    203226
1915.0   18.0    0.0     0.0   2    1          SIGMABBAR_1915 S(1915)-bar     -203116   -203216   -203226
2030.0   24.0    0.0     0.0   2    0          SIGMAB_2030    S(2030)          203118    203218    203228
2030.0   24.0    0.0     0.0   2    1          SIGMABBAR_2030 S(2030)-bar     -203118   -203218   -203228
1690.0    4.0    0.0     0.0   2    0          XI_1690        X(1690)          113316    113326
1690.0    4.0    0.0     0.0   2    1          XIBAR_1690     X(1690)-bar     -113316   -113326
1823.0    8.0    0.0     0.0   2    0          XI_1820        X(1820)          103314    103324
1823.0    8.0    0.0     0.0   2    1          XIBAR_1820     X(1820)-bar     -103314   -103324
1950.0    4.0    0.0     0.0   2    0          XI_1950        X(1950)          213312    213322
1950.0    4.0    0.0     0.0   2    1          XIBAR_1950     X(1950)-bar     -213312   -213322
2025.0   12.0    0.0     0.0   2    0          XI_2030        X(2030)          203316    203326
2025.0   12.0    0.0     0.0   2    1          XIBAR_2030     X(2030)-bar     -203316   -203326
