984.8      3.0    1.0     0.0   1  0          a0                10111  10211 -10211
1232.0    16.0    5.333   0.0   2  0          Delta              1114   2114   2214   2224
1232.0    16.0    5.333   0.0   2  1          Delta-bar         -1114  -2114  -2214  -2224
547.0      1.0    0.23    0.0   1  0          eta                 221
957.8      1.0    0.44    0.0   1  0          eta'                331
980.0      1.0    1.0     0.0   1  0          f_0(980)          10221
497.7      2.0    0.69    0.0   1  0          Kbar               -311   -321
893.5      6.0    4.0     0.0   1  0          K*(892)             313    323
1115.0     2.0    1.28    0.0   2  0          Lambda             3122
1115.0     2.0    1.28    0.0   2  1          Lambda-bar        -3122
782.0      3.0    2.62    0.0   1  0          omega               223
1020.0     3.0    1.47    0.0   1  0          phi(1020)           333
768.0      9.0    6.0     0.0   1  0          rho(770)            113    213   -213
800.0      1.0    1.0     0.0   1  0          f_0(600)          10220
1193.0     6.0    2.0     0.0   2  0          Sigma              3112   3212   3222
1193.0     6.0    0.96    0.0   2  1          Sigma-bar         -3112  -3212  -3222
139.0      3.0    1.0     0.0   1  0          pion                111    211   -211
493.6      2.0    1.0     0.0   1  0          K=(K_0,K+)          321    311
939.0      4.0    2.0     0.0   2  0          nucleon            2112   2212
939.0      4.0    2.0     0.0   2  1          anti-nucleon      -2112  -2212
1230.0     9.0    0.0     0.0   1  0          a_1(1260)         20113  20213 -20213
1318.0    15.0    0.0     0.0   1  0          a_2(1320)           115    215   -215
1231.0     9.0    0.0     0.0   1  0          b_1(1235)         10113  10213 -10213
1300.0     3.0    0.0     0.0   1  0          pi(1300)          20111  20211 -20211
1670.0    15.0    0.0     0.0   1  0          pi_2(1670)        10115  10215 -10215
1465.0     9.0    0.0     0.0   1  0          rho(1465)         30113  30213 -30213
1275.0     5.0    0.0     0.0   1  0          f_2(1270)           225
1525.0     5.0    0.0     0.0   1  0          f_2'(1525)          335
1170.0     3.0    0.0     0.0   1  0          h_1(1170)         10223
1400.0     1.0    0.0     0.0   1  0          f'_0              10331
1400.0     3.0    0.0     0.0   1  0          h'_1              10333
1295.0     1.0    0.0     0.0   1  0          eta(1295)         20221
1282.0     3.0    0.0     0.0   1  0          f_1(1285)         20223
1427.0     3.0    0.0     0.0   1  0          f_1(1420)         20333
1300.0     1.0    0.0     0.0   1  0          f_0(1300)         30221
1419.0     3.0    0.0     0.0   1  0          omega(1420)       30223
1512.0     3.0    0.0     0.0   1  0          f_1(1510)         50223
1662.0     3.0    0.0     0.0   1  0          omega(1600)       60223
1290.0     6.0    0.0     0.0   1  0          K_1(1270)         10313  10323
1432.0    10.0    0.0     0.0   1  0          K_2*(1430)          315    325
1429.0     2.0    0.0     0.0   1  0          K_0*(1430)        10311  10321
1402.0     6.0    0.0     0.0   1  0          K_1(1400)         20313  20323
1412.4     6.0    0.0     0.0   1  0          K*(1410)          30313  30323
1440.0     4.0    0.0     0.0   2  0          N(1440)           12112  12212
1440.0     4.0    0.0     0.0   2  1          N(1440)-bar      -12112 -12212
1520.0     8.0    0.0     0.0   2  0          N(1520)            1214   2124
1520.0     8.0    0.0     0.0   2  1          N(1520)-bar       -1214  -2124
1535.0     4.0    0.0     0.0   2  0          N(1535)           22112  22212
1535.0     4.0    0.0     0.0   2  1          N(1535)-bar      -22112 -22212
1650.0     4.0    0.0     0.0   2  0          N(1650)           32112  32212
1650.0     4.0    0.0     0.0   2  1          N(1650)-bar      -32112 -32212
1600.0    16.0    0.0     0.0   2  0          Delta(1600)       31114  32114  32214  32224
1600.0    16.0    0.0     0.0   2  1          Delta(1600)-bar  -31114 -32114 -32214 -32224
1620.0     8.0    0.0     0.0   2  0          Delta(1620)        1112   1212   2122   2222
1620.0     8.0    0.0     0.0   2  1          Delta(1620)-bar   -1112  -1212  -2122  -2222
1407.0     2.0    0.0     0.0   2  0          Lambda(1405)      13122
1407.0     2.0    0.0     0.0   2  1          Lambda(1405)-bar -13122
1519.5     4.0    0.0     0.0   2  0          Lambda(1520)       3124
1519.5     4.0    0.0     0.0   2  1          Lambda(1520)-bar  -3124
1600.0     2.0    0.0     0.0   2  0          Lambda(1600)      23122
1600.0     2.0    0.0     0.0   2  1          Lambda(1600)-bar -23122
1670.0     2.0    0.0     0.0   2  0          Lambda(1670)      33122
1670.0     2.0    0.0     0.0   2  1          Lambda(1670)-bar -33122
1387.2    12.0    0.0     0.0   2  0          Sigma(1385)        3114   3214   3224
1387.2    12.0    0.0     0.0   2  1          Sigma(1385)-bar   -3114  -3214  -3224
1660.0     6.0    0.0     0.0   2  0          Sigma(1660)       13112  13212  13222
1660.0     6.0    0.0     0.0   2  1          Sigma(1660)-bar  -13112 -13212 -13222
1670.0    12.0    0.0     0.0   2  0          Sigma(1670)       13114  13214  13224
1670.0    12.0    0.0     0.0   2  1          Sigma(1670)-bar  -13114 -13214 -13224
1314.83    4.0    0.0     0.0   2  0          Xi                 3322   3312
1314.83    4.0    0.0     0.0   2  1          Xi-bar            -3322  -3312
1535.0     8.0    0.0     0.0   2  0          Xi(1530)           3314   3324
1535.0     8.0    0.0     0.0   2  1          Xi(1530)-bar      -3314  -3324
1672.45    4.0    0.0     0.0   2  0          Omega              3334
1672.45    4.0    0.0     0.0   2  1          Omega-bar         -3334
